$ 1 0.000005 10.20027730826997 50 5 50 5e-11
R 432 96 432 64 0 0 40 12 0 0 0.5
r 432 96 432 160 0 51000
174 528 240 528 304 1 95000 0.9950000000000001 Attenuator
a 704 208 848 208 8 12 -12 1000000 0.02491666687725815 0.02486931189944937 100000
r 576 192 640 192 0 105000
r 736 128 800 128 0 101000
r 880 208 944 208 0 1000
g 432 352 432 384 0 0
w 432 160 432 240 0
w 432 304 432 352 0
w 528 304 432 304 0
w 544 272 656 272 0
w 656 272 656 224 0
w 656 224 704 224 0
w 640 192 704 192 0
w 528 240 528 192 0
w 848 208 880 208 0
w 736 128 704 128 0
w 704 128 704 192 0
w 800 128 832 128 0
w 832 128 848 128 0
O 944 208 992 208 1 1
w 528 192 528 160 0
w 528 160 432 160 0
w 576 192 528 192 0
w 848 128 848 208 0
34 zener-5.1 1 1.7143528192810002e-7 0 2.0000000000000084 5.1 1
z 432 304 432 240 2 zener-5.1
